{
 "cells": [
  {
   "cell_type": "markdown",
   "id": "41c38e8b",
   "metadata": {},
   "source": [
    "## Eigenvectors and Eigenvalues\n",
    "### Use numpy only\n",
    "#### Find eigenvalues and eigenvevtors of the following:"
   ]
  },
  {
   "cell_type": "markdown",
   "id": "37b5f8e9",
   "metadata": {},
   "source": [
    "$$\\begin{bmatrix} 1&0 \\\\ 0&2 \\end{bmatrix}$$\n",
    "$$\\begin{bmatrix} 1&2 \\\\ 3&-4 \\end{bmatrix}$$"
   ]
  },
  {
   "cell_type": "code",
   "execution_count": 55,
   "id": "58a169e9",
   "metadata": {},
   "outputs": [],
   "source": [
    "import numpy as np\n",
    "np.set_printoptions(suppress=True, formatter={'float': '{:.8f}'.format})\n"
   ]
  },
  {
   "cell_type": "code",
   "execution_count": 3,
   "id": "b5eca81e",
   "metadata": {},
   "outputs": [
    {
     "name": "stdout",
     "output_type": "stream",
     "text": [
      "eigen_value : \n",
      " [1. 2.]\n",
      "eigen_vectors : \n",
      " [[1. 0.]\n",
      " [0. 1.]]\n"
     ]
    }
   ],
   "source": [
    "arr1=np.array([[1,0],[0,2]])\n",
    "eigen_value,eigen_vector=np.linalg.eig(arr1)\n",
    "print(\"eigen_value : \\n\",eigen_value)\n",
    "print(\"eigen_vectors : \\n\",eigen_vector)"
   ]
  },
  {
   "cell_type": "code",
   "execution_count": 4,
   "id": "936b72d3",
   "metadata": {},
   "outputs": [
    {
     "name": "stdout",
     "output_type": "stream",
     "text": [
      "eigen_value : \n",
      " [ 2. -5.]\n",
      "eigen_vectors : \n",
      " [[ 0.89442719 -0.31622777]\n",
      " [ 0.4472136   0.9486833 ]]\n"
     ]
    }
   ],
   "source": [
    "arr1=np.array([[1,2],[3,-4]])\n",
    "eigen_value,eigen_vector=np.linalg.eig(arr1)\n",
    "print(\"eigen_value : \\n\",eigen_value)\n",
    "print(\"eigen_vectors : \\n\",eigen_vector)"
   ]
  },
  {
   "cell_type": "code",
   "execution_count": 6,
   "id": "992b7b1e",
   "metadata": {},
   "outputs": [
    {
     "name": "stdout",
     "output_type": "stream",
     "text": [
      "Eig Values:\n",
      " [1. 2.] \n",
      "Eig Vectors:\n",
      " [[1. 0.]\n",
      " [0. 1.]]\n"
     ]
    }
   ],
   "source": []
  },
  {
   "cell_type": "code",
   "execution_count": 9,
   "id": "05218740",
   "metadata": {},
   "outputs": [
    {
     "name": "stdout",
     "output_type": "stream",
     "text": [
      "Eig Values:\n",
      " [ 2. -5.] \n",
      "Eig Vectors:\n",
      " [[ 0.89442719 -0.31622777]\n",
      " [ 0.4472136   0.9486833 ]]\n"
     ]
    }
   ],
   "source": []
  },
  {
   "cell_type": "markdown",
   "id": "6aad1752",
   "metadata": {},
   "source": [
    "## Diagonalization\n",
    "- Use eigen decomposition of the second matrix from the above transformation matrices and apply it 10 times to a vector (-1,1).\n",
    "- Make sure the same result will be obtained if we apply the original matrix 10 time. use <b>np.linalg.matrix_power()</b>"
   ]
  },
  {
   "cell_type": "code",
   "execution_count": 5,
   "id": "ac3d6622",
   "metadata": {},
   "outputs": [
    {
     "name": "stdout",
     "output_type": "stream",
     "text": [
      "eigen__vector [[ 0.89442719 -0.31622777]\n",
      " [ 0.4472136   0.9486833 ]]  \n",
      "\n",
      " Diagonal Matrix :\n",
      " [[ 2. -0.]\n",
      " [ 0. -5.]]\n"
     ]
    }
   ],
   "source": [
    "eigen__vector=np.array(eigen_vector)\n",
    "diagonal=np.eye(2)*eigen_value\n",
    "print(\"eigen__vector\",eigen__vector,\" \\n\\n Diagonal Matrix :\\n\",diagonal)"
   ]
  },
  {
   "cell_type": "code",
   "execution_count": 6,
   "id": "49927558",
   "metadata": {},
   "outputs": [
    {
     "name": "stdout",
     "output_type": "stream",
     "text": [
      "[[-4185853.]\n",
      " [12555511.]]\n"
     ]
    }
   ],
   "source": [
    "v=np.array([[-1],[1]])\n",
    "v10=eigen__vector@diagonal**10@np.linalg.inv(eigen__vector)@v\n",
    "print(v10)"
   ]
  },
  {
   "cell_type": "code",
   "execution_count": 7,
   "id": "9e76427e",
   "metadata": {},
   "outputs": [
    {
     "data": {
      "text/plain": [
       "array([[-4185853],\n",
       "       [12555511]])"
      ]
     },
     "execution_count": 7,
     "metadata": {},
     "output_type": "execute_result"
    }
   ],
   "source": [
    "## with np.linalg.matrix_power()\n",
    "arr1=np.array([[1,2],[3,-4]])\n",
    "v10=np.linalg.matrix_power(arr1,10)@v\n",
    "v10"
   ]
  },
  {
   "cell_type": "code",
   "execution_count": 16,
   "id": "1bdf5793",
   "metadata": {},
   "outputs": [
    {
     "name": "stdout",
     "output_type": "stream",
     "text": [
      "B Eig Values:\n",
      " [ 2. -5.] \n",
      "B Eig Vectors:\n",
      " [[ 0.89442719 -0.31622777]\n",
      " [ 0.4472136   0.9486833 ]]\n"
     ]
    }
   ],
   "source": []
  },
  {
   "cell_type": "code",
   "execution_count": 79,
   "id": "68f67d18",
   "metadata": {},
   "outputs": [
    {
     "name": "stdout",
     "output_type": "stream",
     "text": [
      "B Diagonal Matrix\n",
      " [[ 2.  0.]\n",
      " [ 0. -5.]]\n"
     ]
    }
   ],
   "source": []
  },
  {
   "cell_type": "code",
   "execution_count": 20,
   "id": "222fbc9d",
   "metadata": {},
   "outputs": [
    {
     "name": "stdout",
     "output_type": "stream",
     "text": [
      "Using Diagonalization:\n",
      "[[-4185853.]\n",
      " [12555511.]]\n"
     ]
    }
   ],
   "source": []
  },
  {
   "cell_type": "code",
   "execution_count": 21,
   "id": "9c8f2fc3",
   "metadata": {},
   "outputs": [
    {
     "name": "stdout",
     "output_type": "stream",
     "text": [
      "Using power function:\n",
      "[[-4185853]\n",
      " [12555511]]\n"
     ]
    }
   ],
   "source": []
  },
  {
   "cell_type": "markdown",
   "id": "c2422d5b",
   "metadata": {},
   "source": [
    "# PCA Using Eigen Decomposition"
   ]
  },
  {
   "cell_type": "markdown",
   "id": "4b1752df",
   "metadata": {},
   "source": [
    "### Create a matrix contains the following data"
   ]
  },
  {
   "cell_type": "code",
   "execution_count": 22,
   "id": "f9d03ab7",
   "metadata": {},
   "outputs": [
    {
     "data": {
      "text/plain": [
       "array([[1, 2, 3, 4],\n",
       "       [5, 5, 6, 7],\n",
       "       [1, 4, 2, 3],\n",
       "       [5, 3, 2, 1],\n",
       "       [8, 1, 2, 2]])"
      ]
     },
     "execution_count": 22,
     "metadata": {},
     "output_type": "execute_result"
    }
   ],
   "source": []
  },
  {
   "cell_type": "code",
   "execution_count": 274,
   "id": "ee0579ee",
   "metadata": {},
   "outputs": [],
   "source": [
    "matrix=np.array([[1,2,3,4]\n",
    "                ,[5,5,6,7]\n",
    "                ,[1,4,2,3]\n",
    "                ,[5,3,2,1]\n",
    "                ,[8,1,2,2]],)"
   ]
  },
  {
   "cell_type": "markdown",
   "id": "0a0fbad8",
   "metadata": {},
   "source": [
    "### Step 1: Standardize the dataset (Subtract mean and divide by standard deviation)."
   ]
  },
  {
   "cell_type": "code",
   "execution_count": 275,
   "id": "26d15a8c",
   "metadata": {},
   "outputs": [
    {
     "name": "stdout",
     "output_type": "stream",
     "text": [
      "means :  [4.00000000 3.00000000 3.00000000 3.40000000]\n",
      "std :  [2.68328157 1.41421356 1.54919334 2.05912603]\n"
     ]
    }
   ],
   "source": [
    "means=matrix.mean(axis=0)\n",
    "stds=matrix.std(axis=0)\n",
    "\n",
    "print(\"means : \",means)\n",
    "print(\"std : \",stds)"
   ]
  },
  {
   "cell_type": "code",
   "execution_count": 23,
   "id": "7eefee13",
   "metadata": {
    "scrolled": true
   },
   "outputs": [
    {
     "name": "stdout",
     "output_type": "stream",
     "text": [
      "mean: [4.  3.  3.  3.4]\n",
      "std : [2.68328157 1.41421356 1.54919334 2.05912603]\n"
     ]
    }
   ],
   "source": []
  },
  {
   "cell_type": "code",
   "execution_count": 276,
   "id": "4238ba34",
   "metadata": {},
   "outputs": [
    {
     "data": {
      "text/plain": [
       "array([[-1.11803399, -0.70710678, 0.00000000, 0.29138576],\n",
       "       [0.37267800, 1.41421356, 1.93649167, 1.74831455],\n",
       "       [-1.11803399, 0.70710678, -0.64549722, -0.19425717],\n",
       "       [0.37267800, 0.00000000, -0.64549722, -1.16554303],\n",
       "       [1.49071198, -1.41421356, -0.64549722, -0.67990010]])"
      ]
     },
     "execution_count": 276,
     "metadata": {},
     "output_type": "execute_result"
    }
   ],
   "source": [
    "stansarized_matrix=(matrix-means)/stds\n",
    "\n",
    "stansarized_matrix"
   ]
  },
  {
   "cell_type": "code",
   "execution_count": 24,
   "id": "af7a446e",
   "metadata": {},
   "outputs": [
    {
     "name": "stdout",
     "output_type": "stream",
     "text": [
      "Standardized data:\n",
      "[[-1.11803399 -0.70710678  0.          0.29138576]\n",
      " [ 0.372678    1.41421356  1.93649167  1.74831455]\n",
      " [-1.11803399  0.70710678 -0.64549722 -0.19425717]\n",
      " [ 0.372678    0.         -0.64549722 -1.16554303]\n",
      " [ 1.49071198 -1.41421356 -0.64549722 -0.6799001 ]]\n"
     ]
    }
   ],
   "source": []
  },
  {
   "cell_type": "markdown",
   "id": "764bcd06",
   "metadata": {},
   "source": [
    "### Step 2: Calculate the covariance matrix for the features in the dataset.\n",
    "#### Use the formula (X.T@X) / n then confirm using np.cov()"
   ]
  },
  {
   "cell_type": "code",
   "execution_count": 287,
   "id": "e8b77c24",
   "metadata": {},
   "outputs": [
    {
     "data": {
      "text/plain": [
       "array([[1.00000000, -0.31622777, 0.04811252, -0.18098843],\n",
       "       [-0.31622777, 1.00000000, 0.63900965, 0.61812254],\n",
       "       [0.04811252, 0.63900965, 1.00000000, 0.94044349],\n",
       "       [-0.18098843, 0.61812254, 0.94044349, 1.00000000]])"
      ]
     },
     "execution_count": 287,
     "metadata": {},
     "output_type": "execute_result"
    }
   ],
   "source": [
    "covaience_matrix=(stansarized_matrix.T@stansarized_matrix)/5\n",
    "covaience_matrix"
   ]
  },
  {
   "cell_type": "code",
   "execution_count": 25,
   "id": "97e88faa",
   "metadata": {},
   "outputs": [
    {
     "name": "stdout",
     "output_type": "stream",
     "text": [
      "Using the formula:\n",
      "[[ 1.         -0.31622777  0.04811252 -0.18098843]\n",
      " [-0.31622777  1.          0.63900965  0.61812254]\n",
      " [ 0.04811252  0.63900965  1.          0.94044349]\n",
      " [-0.18098843  0.61812254  0.94044349  1.        ]]\n"
     ]
    }
   ],
   "source": []
  },
  {
   "cell_type": "code",
   "execution_count": 289,
   "id": "347d20de",
   "metadata": {},
   "outputs": [
    {
     "data": {
      "text/plain": [
       "array([[1.00000000, -0.31622777, 0.04811252, -0.18098843],\n",
       "       [-0.31622777, 1.00000000, 0.63900965, 0.61812254],\n",
       "       [0.04811252, 0.63900965, 1.00000000, 0.94044349],\n",
       "       [-0.18098843, 0.61812254, 0.94044349, 1.00000000]])"
      ]
     },
     "execution_count": 289,
     "metadata": {},
     "output_type": "execute_result"
    }
   ],
   "source": [
    "np.cov(stansarized_matrix.T,ddof=0)"
   ]
  },
  {
   "cell_type": "code",
   "execution_count": 26,
   "id": "f1151741",
   "metadata": {},
   "outputs": [
    {
     "name": "stdout",
     "output_type": "stream",
     "text": [
      "Using np.cov():\n",
      "[[ 1.         -0.31622777  0.04811252 -0.18098843]\n",
      " [-0.31622777  1.          0.63900965  0.61812254]\n",
      " [ 0.04811252  0.63900965  1.          0.94044349]\n",
      " [-0.18098843  0.61812254  0.94044349  1.        ]]\n"
     ]
    }
   ],
   "source": []
  },
  {
   "cell_type": "markdown",
   "id": "231394fc",
   "metadata": {},
   "source": [
    "### after calculatung cov with np.cov() and with X.T@X it gives the same result "
   ]
  },
  {
   "cell_type": "markdown",
   "id": "dc324de0",
   "metadata": {},
   "source": [
    "### Step 3: Calculate the eigenvalues and eigenvectors for the covariance matrix.\n",
    "### Step 4: Sort eigenvalues and their corresponding eigenvectors."
   ]
  },
  {
   "cell_type": "code",
   "execution_count": 28,
   "id": "8c374837",
   "metadata": {},
   "outputs": [
    {
     "name": "stdout",
     "output_type": "stream",
     "text": [
      "Eigen Values:\n",
      "[2.51579324 1.0652885  0.39388704 0.02503121]\n"
     ]
    }
   ],
   "source": []
  },
  {
   "cell_type": "code",
   "execution_count": 29,
   "id": "62598f81",
   "metadata": {},
   "outputs": [
    {
     "name": "stdout",
     "output_type": "stream",
     "text": [
      "Eigen Vectors:\n",
      "[[ 0.16195986 -0.91705888 -0.30707099  0.19616173]\n",
      " [-0.52404813  0.20692161 -0.81731886  0.12061043]\n",
      " [-0.58589647 -0.3205394   0.1882497  -0.72009851]\n",
      " [-0.59654663 -0.11593512  0.44973251  0.65454704]]\n"
     ]
    }
   ],
   "source": []
  },
  {
   "cell_type": "code",
   "execution_count": 292,
   "id": "313816b3",
   "metadata": {},
   "outputs": [
    {
     "name": "stdout",
     "output_type": "stream",
     "text": [
      "eigen_value : \n",
      " [2.51579324 1.06528850 0.39388704 0.02503121]\n",
      "eigen_vectors : \n",
      " [[0.16195986 -0.91705888 -0.30707099 0.19616173]\n",
      " [-0.52404813 0.20692161 -0.81731886 0.12061043]\n",
      " [-0.58589647 -0.32053940 0.18824970 -0.72009851]\n",
      " [-0.59654663 -0.11593512 0.44973251 0.65454704]]\n"
     ]
    }
   ],
   "source": [
    "eigen_value,eigen_vector=np.linalg.eig(covaience_matrix)\n",
    "print(\"eigen_value : \\n\",eigen_value)\n",
    "print(\"eigen_vectors : \\n\",eigen_vector)"
   ]
  },
  {
   "cell_type": "markdown",
   "id": "8ea6ba5e",
   "metadata": {},
   "source": [
    "### we get the eigen values dorted from largest to smallest , the largest eigen values mean that thair corresponding eigen vectors has the heighst vaience "
   ]
  },
  {
   "cell_type": "markdown",
   "id": "21d2a699",
   "metadata": {},
   "source": [
    "### Step 5: Pick k eigenvalues and form a matrix of eigenvectors."
   ]
  },
  {
   "cell_type": "markdown",
   "id": "51f02938",
   "metadata": {},
   "source": [
    "#### Select the first 2 eigen vectors"
   ]
  },
  {
   "cell_type": "code",
   "execution_count": 30,
   "id": "ff3591da",
   "metadata": {},
   "outputs": [
    {
     "data": {
      "text/plain": [
       "array([[ 0.16195986, -0.91705888],\n",
       "       [-0.52404813,  0.20692161],\n",
       "       [-0.58589647, -0.3205394 ],\n",
       "       [-0.59654663, -0.11593512]])"
      ]
     },
     "execution_count": 30,
     "metadata": {},
     "output_type": "execute_result"
    }
   ],
   "source": []
  },
  {
   "cell_type": "code",
   "execution_count": 293,
   "id": "ef88bbb0",
   "metadata": {},
   "outputs": [
    {
     "name": "stdout",
     "output_type": "stream",
     "text": [
      "[[0.16195986 -0.91705888]\n",
      " [-0.52404813 0.20692161]\n",
      " [-0.58589647 -0.32053940]\n",
      " [-0.59654663 -0.11593512]]\n"
     ]
    }
   ],
   "source": [
    "### select 2 eigen vectors \n",
    "\n",
    "new_eigen=eigen_vector[:,0:2]\n",
    "print(new_eigen)"
   ]
  },
  {
   "cell_type": "markdown",
   "id": "c2d4378e",
   "metadata": {},
   "source": [
    "### Step 6:Transform the original matrix."
   ]
  },
  {
   "cell_type": "code",
   "execution_count": 31,
   "id": "a190ca49",
   "metadata": {},
   "outputs": [
    {
     "name": "stdout",
     "output_type": "stream",
     "text": [
      "Transformed Data:\n",
      "[[ 0.01565617  0.84520548]\n",
      " [-2.8582919  -0.87254925]\n",
      " [-0.0575566   1.40104719]\n",
      " [ 1.13385419  0.000267  ]\n",
      " [ 1.76633814 -1.37397042]]\n"
     ]
    }
   ],
   "source": []
  },
  {
   "cell_type": "code",
   "execution_count": null,
   "id": "007aff40",
   "metadata": {},
   "outputs": [],
   "source": []
  },
  {
   "cell_type": "code",
   "execution_count": 294,
   "id": "8899e148",
   "metadata": {},
   "outputs": [
    {
     "name": "stdout",
     "output_type": "stream",
     "text": [
      "eigen_value_matrix \n",
      "  [[2.51579324 0.00000000]\n",
      " [0.00000000 1.06528850]]\n"
     ]
    }
   ],
   "source": [
    "## make matrix of eigen_values\n",
    "eigen_value_matrix=np.eye(2)*eigen_value[0:2]\n",
    "print(\"eigen_value_matrix \\n \",eigen_value_matrix)"
   ]
  },
  {
   "cell_type": "code",
   "execution_count": 295,
   "id": "b4e9d74b",
   "metadata": {},
   "outputs": [
    {
     "name": "stdout",
     "output_type": "stream",
     "text": [
      "[[0.01565617 0.84520548]\n",
      " [-2.85829190 -0.87254925]\n",
      " [-0.05755660 1.40104719]\n",
      " [1.13385419 0.00026700]\n",
      " [1.76633814 -1.37397042]]\n"
     ]
    }
   ],
   "source": [
    "## transform original matrix \n",
    "transformed_matrix=stansarized_matrix@new_eigen\n",
    "print(transformed_matrix)"
   ]
  },
  {
   "cell_type": "markdown",
   "id": "9ffbac5e",
   "metadata": {},
   "source": [
    "## SVD\n",
    "### Repeat using SVD and compare the results"
   ]
  },
  {
   "cell_type": "code",
   "execution_count": 33,
   "id": "53520673",
   "metadata": {},
   "outputs": [
    {
     "name": "stdout",
     "output_type": "stream",
     "text": [
      "V:\n",
      "[[ 0.16195986 -0.91705888 -0.30707099  0.19616173]\n",
      " [-0.52404813  0.20692161 -0.81731886  0.12061043]\n",
      " [-0.58589647 -0.3205394   0.1882497  -0.72009851]\n",
      " [-0.59654663 -0.11593512  0.44973251  0.65454704]]\n"
     ]
    }
   ],
   "source": []
  },
  {
   "cell_type": "code",
   "execution_count": 34,
   "id": "048f2605",
   "metadata": {},
   "outputs": [
    {
     "name": "stdout",
     "output_type": "stream",
     "text": [
      "Singular Values:\n",
      "[3.54668383 2.30790869 1.40336568 0.35377402]\n"
     ]
    }
   ],
   "source": []
  },
  {
   "cell_type": "code",
   "execution_count": 35,
   "id": "8ec22592",
   "metadata": {},
   "outputs": [
    {
     "name": "stdout",
     "output_type": "stream",
     "text": [
      "U:\n",
      "[[ 0.00441431  0.36622137  0.74983533 -0.32188415  0.4472136 ]\n",
      " [-0.80590547 -0.37806923 -0.08514113 -0.01819405  0.4472136 ]\n",
      " [-0.01622829  0.60706353 -0.31602194  0.57562197  0.4472136 ]\n",
      " [ 0.31969418  0.00011569 -0.54165203 -0.63593136  0.4472136 ]\n",
      " [ 0.49802526 -0.59533136  0.19297977  0.40038759  0.4472136 ]]\n"
     ]
    }
   ],
   "source": []
  },
  {
   "cell_type": "code",
   "execution_count": 38,
   "id": "87ae01b5",
   "metadata": {},
   "outputs": [
    {
     "name": "stdout",
     "output_type": "stream",
     "text": [
      "Transformed Data:\n",
      "[[ 0.01565617  0.84520548]\n",
      " [-2.8582919  -0.87254925]\n",
      " [-0.0575566   1.40104719]\n",
      " [ 1.13385419  0.000267  ]\n",
      " [ 1.76633814 -1.37397042]]\n"
     ]
    }
   ],
   "source": []
  },
  {
   "cell_type": "code",
   "execution_count": 299,
   "id": "a6d6e5d4",
   "metadata": {},
   "outputs": [],
   "source": [
    "U,D,V=np.linalg.svd(stansarized_matrix)"
   ]
  },
  {
   "cell_type": "code",
   "execution_count": 303,
   "id": "172e179d",
   "metadata": {},
   "outputs": [
    {
     "name": "stdout",
     "output_type": "stream",
     "text": [
      "V \n",
      "  [[0.16195986 -0.52404813 -0.58589647 -0.59654663]\n",
      " [-0.91705888 0.20692161 -0.32053940 -0.11593512]\n",
      " [-0.30707099 -0.81731886 0.18824970 0.44973251]\n",
      " [0.19616173 0.12061043 -0.72009851 0.65454704]]\n"
     ]
    }
   ],
   "source": [
    "print(\"V \\n \",V)"
   ]
  },
  {
   "cell_type": "code",
   "execution_count": 302,
   "id": "0d45e7ad",
   "metadata": {},
   "outputs": [
    {
     "name": "stdout",
     "output_type": "stream",
     "text": [
      "Singular Values:  [3.54668383 2.30790869 1.40336568 0.35377402]\n"
     ]
    }
   ],
   "source": [
    "print(\"Singular Values: \",D)"
   ]
  },
  {
   "cell_type": "code",
   "execution_count": 305,
   "id": "9448b1d1",
   "metadata": {},
   "outputs": [
    {
     "name": "stdout",
     "output_type": "stream",
     "text": [
      "U \n",
      "  [[0.00441431 0.36622137 0.74983533 -0.32188415 0.44721360]\n",
      " [-0.80590547 -0.37806923 -0.08514113 -0.01819405 0.44721360]\n",
      " [-0.01622829 0.60706353 -0.31602194 0.57562197 0.44721360]\n",
      " [0.31969418 0.00011569 -0.54165203 -0.63593136 0.44721360]\n",
      " [0.49802526 -0.59533136 0.19297977 0.40038759 0.44721360]]\n"
     ]
    }
   ],
   "source": [
    "print(\"U \\n \",U)"
   ]
  },
  {
   "cell_type": "code",
   "execution_count": 308,
   "id": "9ced8b74",
   "metadata": {},
   "outputs": [
    {
     "data": {
      "text/plain": [
       "array([[0.01565617, 0.84520548],\n",
       "       [-2.85829190, -0.87254925],\n",
       "       [-0.05755660, 1.40104719],\n",
       "       [1.13385419, 0.00026700],\n",
       "       [1.76633814, -1.37397042]])"
      ]
     },
     "execution_count": 308,
     "metadata": {},
     "output_type": "execute_result"
    }
   ],
   "source": [
    "transformed_matrix=stansarized_matrix@V.T[:,0:2]\n",
    "transformed_matrix"
   ]
  },
  {
   "cell_type": "markdown",
   "id": "281ae9e4",
   "metadata": {},
   "source": [
    "### after decomposing the natrix with svd and eigrn decompostion it gives the same result when transform the standarized matrix with the results "
   ]
  },
  {
   "cell_type": "markdown",
   "id": "68cc4bf1",
   "metadata": {},
   "source": [
    "# in the next few cell I will try to caluculate SVD manually "
   ]
  },
  {
   "cell_type": "code",
   "execution_count": 311,
   "id": "c21a8a20",
   "metadata": {},
   "outputs": [
    {
     "name": "stdout",
     "output_type": "stream",
     "text": [
      "[2.51579324 1.06528850 0.39388704 0.02503121]\n"
     ]
    },
    {
     "data": {
      "text/plain": [
       "array([[0.16195986, -0.91705888, -0.30707099, 0.19616173],\n",
       "       [-0.52404813, 0.20692161, -0.81731886, 0.12061043],\n",
       "       [-0.58589647, -0.32053940, 0.18824970, -0.72009851],\n",
       "       [-0.59654663, -0.11593512, 0.44973251, 0.65454704]])"
      ]
     },
     "execution_count": 311,
     "metadata": {},
     "output_type": "execute_result"
    }
   ],
   "source": [
    "d,v=np.linalg.eig(stansarized_matrix.T@stansarized_matrix/5)\n",
    "print(d)\n",
    "v"
   ]
  },
  {
   "cell_type": "code",
   "execution_count": 329,
   "id": "38c9324c",
   "metadata": {},
   "outputs": [
    {
     "name": "stdout",
     "output_type": "stream",
     "text": [
      "[2.51579324 1.06528850 0.39388704 -0.00000000 0.02503121]\n"
     ]
    },
    {
     "data": {
      "text/plain": [
       "array([[-0.00441431, 0.36622137, 0.74983533, 0.44721360, -0.32188415],\n",
       "       [0.80590547, -0.37806923, -0.08514113, 0.44721360, -0.01819405],\n",
       "       [0.01622829, 0.60706353, -0.31602194, 0.44721360, 0.57562197],\n",
       "       [-0.31969418, 0.00011569, -0.54165203, 0.44721360, -0.63593136],\n",
       "       [-0.49802526, -0.59533136, 0.19297977, 0.44721360, 0.40038759]])"
      ]
     },
     "execution_count": 329,
     "metadata": {},
     "output_type": "execute_result"
    }
   ],
   "source": [
    "eigen_value,u=np.linalg.eig(stansarized_matrix@stansarized_matrix.T/5)\n",
    "print(eigen_value)\n",
    "u"
   ]
  },
  {
   "cell_type": "code",
   "execution_count": 340,
   "id": "07a0c19e",
   "metadata": {},
   "outputs": [
    {
     "data": {
      "text/plain": [
       "array([1.35458690, 2.99090165, 1.48472304, 1.38349056, 2.25857323])"
      ]
     },
     "execution_count": 340,
     "metadata": {},
     "output_type": "execute_result"
    }
   ],
   "source": [
    "row_norms = np.linalg.norm(stansarized_matrix, axis=1)\n",
    "row_norms"
   ]
  },
  {
   "cell_type": "code",
   "execution_count": 341,
   "id": "d6054919",
   "metadata": {},
   "outputs": [
    {
     "name": "stderr",
     "output_type": "stream",
     "text": [
      "C:\\Users\\H P\\AppData\\Local\\Temp\\ipykernel_13240\\1390339565.py:1: RuntimeWarning: invalid value encountered in sqrt\n",
      "  root_d=np.sqrt(d)\n"
     ]
    },
    {
     "data": {
      "text/plain": [
       "array([1.58612523, 1.03212814, 0.62760421, nan, 0.15821255])"
      ]
     },
     "execution_count": 341,
     "metadata": {},
     "output_type": "execute_result"
    }
   ],
   "source": [
    "root_d=np.sqrt(d)\n",
    "root_d"
   ]
  },
  {
   "cell_type": "code",
   "execution_count": 342,
   "id": "cbf1d3d9",
   "metadata": {},
   "outputs": [],
   "source": [
    "### vector norm is so close to eigen calue "
   ]
  },
  {
   "cell_type": "code",
   "execution_count": 320,
   "id": "cb04287d",
   "metadata": {},
   "outputs": [
    {
     "data": {
      "text/plain": [
       "array([[0.01565617, 0.84520548],\n",
       "       [-2.85829190, -0.87254925],\n",
       "       [-0.05755660, 1.40104719],\n",
       "       [1.13385419, 0.00026700],\n",
       "       [1.76633814, -1.37397042]])"
      ]
     },
     "execution_count": 320,
     "metadata": {},
     "output_type": "execute_result"
    }
   ],
   "source": [
    "transformed_matrix=stansarized_matrix@v[:,0:2]\n",
    "transformed_matrix"
   ]
  },
  {
   "cell_type": "markdown",
   "id": "d2bbb593",
   "metadata": {},
   "source": [
    "# conclustion \n",
    "### calulating the svd numerically using np.liaalg.svd gives the same vectors of u and v but different singular value "
   ]
  },
  {
   "cell_type": "markdown",
   "id": "64c6dc04",
   "metadata": {},
   "source": [
    "## Apply the SVD on images\n",
    "- We will use the SVD to extract the more important features from the image\n",
    "- Let’s start by loading an image in python and convert it to a Numpy array. We will convert it to grayscale to have one dimension per pixel. The shape of the matrix corresponds to the dimension of the image filled with intensity values: 1 cell per pixel."
   ]
  },
  {
   "cell_type": "code",
   "execution_count": 323,
   "id": "49cecf1d",
   "metadata": {},
   "outputs": [
    {
     "data": {
